0 ~Duplo Tyre 11 / 45 x 17
0 Name: 12590.dat
0 Author: Philippe Hurbain [Philo]
0 !LICENSE Licensed under CC BY 4.0 : see CAreadme.txt
0 BFC CERTIFY CCW
0 !CATEGORY Wheel
1 16 0 0 0 1 0 0 0 1 0 0 0 1 s\12590s01.dat
1 16 0 0 0 0.96593 -0.25882 0 0.25882 0.96593 0 0 0 1 s\12590s01.dat
1 16 0 0 0 0.86603 -0.5 0 0.5 0.86603 0 0 0 1 s\12590s01.dat
1 16 0 0 0 0.70711 -0.70711 0 0.70711 0.70711 0 0 0 1 s\12590s01.dat
1 16 0 0 0 0.5 -0.86603 0 0.86603 0.5 0 0 0 1 s\12590s01.dat
1 16 0 0 0 0.25882 -0.96593 0 0.96593 0.25882 0 0 0 1 s\12590s01.dat
1 16 0 0 0 0 -1 0 1 0 0 0 0 1 s\12590s01.dat
1 16 0 0 0 -0.25882 -0.96593 0 0.96593 -0.25882 0 0 0 1 s\12590s01.dat
1 16 0 0 0 -0.5 -0.86603 0 0.86603 -0.5 0 0 0 1 s\12590s01.dat
1 16 0 0 0 -0.70711 -0.70711 0 0.70711 -0.70711 0 0 0 1 s\12590s01.dat
1 16 0 0 0 -0.86603 -0.5 0 0.5 -0.86603 0 0 0 1 s\12590s01.dat
1 16 0 0 0 -0.96593 -0.25882 0 0.25882 -0.96593 0 0 0 1 s\12590s01.dat
1 16 0 0 0 -1 0 0 0 -1 0 0 0 1 s\12590s01.dat
1 16 0 0 0 -0.96593 0.25882 0 -0.25882 -0.96593 0 0 0 1 s\12590s01.dat
1 16 0 0 0 -0.86603 0.5 0 -0.5 -0.86603 0 0 0 1 s\12590s01.dat
1 16 0 0 0 -0.70711 0.70711 0 -0.70711 -0.70711 0 0 0 1 s\12590s01.dat
1 16 0 0 0 -0.5 0.86603 0 -0.86603 -0.5 0 0 0 1 s\12590s01.dat
1 16 0 0 0 -0.25882 0.96593 0 -0.96593 -0.25882 0 0 0 1 s\12590s01.dat
1 16 0 0 0 0 1 0 -1 0 0 0 0 1 s\12590s01.dat
1 16 0 0 0 0.25882 0.96593 0 -0.96593 0.25882 0 0 0 1 s\12590s01.dat
1 16 0 0 0 0.5 0.86603 0 -0.86603 0.5 0 0 0 1 s\12590s01.dat
1 16 0 0 0 0.70711 0.70711 0 -0.70711 0.70711 0 0 0 1 s\12590s01.dat
1 16 0 0 0 0.86603 0.5 0 -0.5 0.86603 0 0 0 1 s\12590s01.dat
1 16 0 0 0 0.96593 0.25882 0 -0.25882 0.96593 0 0 0 1 s\12590s01.dat
0 BFC INVERTNEXT
1 16 0 0 -24 0 0 20 20 0 0 0 20.5 0 4-4cylo.dat
1 16 0 0 -3.5 0 0 4 4 0 0 0 -1 0 4-4ring5.dat
1 16 0 0 -3.5 0 0 24 24 0 0 0 1 0 4-4edge.dat
1 16 0 0 -26 0 0 2 2 0 0 0 22.5 0 4-4con12.dat
1 16 0 0 -26 0 0 26 26 0 0 0 1 0 4-4edge.dat
1 16 0 0 -26 0 0 2.6 2.6 0 0 0 -1 0 4-4ring10.dat
0 BFC INVERTNEXT
1 16 0 0 -26 0 0 28.6 28.6 0 0 0 22.2 0 4-4cylo.dat
1 16 0 0 -3.8 0 0 1.90667 1.90667 0 0 0 -1 0 48\4-4ring15.dat
1 16 0 0 -3.8 0 0 28.6 28.6 0 0 0 -1 0 48\4-4aring.dat
1 16 0 0 -24 0 0 1.66667 1.66667 0 0 0 1 0 4-4ring12.dat
