0 Wheel 48 x 76 with Tread on Sidewall
0 Name: 2573.dat
0 Author: John Van Zwieten [jvan]
0 !LICENSE Licensed under CC BY 2.0 and CC BY 4.0 : see CAreadme.txt
0 BFC CERTIFY CCW
0 !KEYWORDS Giant, Hard-Plastic
1 16 60.078 0 0 0 -1 0 0 0 -4 4 0 0 4-4ring5.dat
1 16 60.078 0 0 0 -1 0 0 0 -24 24 0 0 48\4-4aring.dat
0 BFC INVERTNEXT
1 16 60.078 0 0 0 -14 0 0 0 -20 20 0 0 4-4cylo.dat
1 16 46.078 0 0 0 -1 0 2.5 0 0 0 0 2.5 4-4ring3.dat
1 16 46.078 0 0 0 -1 0 10 0 0 0 0 10 4-4ring1.dat
0 BFC INVERTNEXT
1 16 21.078 0 0 0 25 0 -7.5 0 0 0 0 7.5 4-4cylo.dat
1 16 21.078 0 0 0 -0.55 0 1.5 0 0 0 0 1.5 4-4ring4.dat
0 BFC INVERTNEXT
1 16 21.078 0 0 0 -20 0 6 0 0 0 0 6 4-4cylo.dat
1 16 1.078 0 0 0 1 0 2 0 0 0 0 2 4-4ring3.dat
1 16 1.078 0 0 0 1 0 2 0 0 0 0 2 4-4ring4.dat
1 16 1.078 0 0 0 41 0 -10 0 0 0 0 10 4-4cylo.dat
1 16 42.078 0 0 0 1 0 5 0 0 0 0 5 4-4ring2.dat
1 16 42.078 0 0 0 1 0 3.75 0 0 0 0 3.75 4-4ring4.dat
0 BFC INVERTNEXT
1 16 1.078 0 0 0 41 0 -18.75 0 0 0 0 18.75 4-4cylo.dat
1 16 1.078 0 0 0 1 0 3.125 0 0 0 0 3.125 4-4ring6.dat
1 16 1.078 0 0 0 1 0 0.875 0 0 0 0 0.875 4-4ring25.dat
1 16 1.078 0 0 0 41.5 0 -22.75 0 0 0 0 22.75 4-4cylo.dat
1 16 42.578 0 0 0 1 0 1.25 0 0 0 0 1.25 4-4ring18.dat
1 16 42.578 0 0 0 7.422 0 -23.75 0 0 0 0 23.75 4-4cylo.dat
1 16 50 0 0 0 1 0 -23.75 0 0 0 0 23.75 48\4-4aring.dat
1 16 46.078 -10 10 0 -1 0 1 0 0 0 0 1 stud.dat
1 16 46.078 10 10 0 -1 0 1 0 0 0 0 1 stud.dat
1 16 46.078 10 -10 0 -1 0 1 0 0 0 0 1 stud.dat
1 16 46.078 -10 -10 0 -1 0 1 0 0 0 0 1 stud.dat
2 24 50.078 -15.6145 11.9387 50.078 -14.142 14.142
2 24 50.078 -14.142 14.142 50.078 -11.9387 15.6145
2 24 46.078 -11.9387 15.6145 50.078 -11.9387 15.6145
2 24 46.078 -15.6145 11.9387 50.078 -15.6145 11.9387
2 24 50.078 -11.9387 -15.6145 50.078 -14.142 -14.142
2 24 50.078 -14.142 -14.142 50.078 -15.6145 -11.9387
2 24 46.078 -15.6145 -11.9387 50.078 -15.6145 -11.9387
2 24 46.078 -11.9387 -15.6145 50.078 -11.9387 -15.6145
2 24 50.078 15.6145 -11.9387 50.078 14.142 -14.142
2 24 50.078 14.142 -14.142 50.078 11.9387 -15.6145
2 24 46.078 11.9387 -15.6145 50.078 11.9387 -15.6145
2 24 46.078 15.6145 -11.9387 50.078 15.6145 -11.9387
2 24 50.078 11.9387 15.6145 50.078 14.142 14.142
2 24 50.078 14.142 14.142 50.078 15.6145 11.9387
2 24 46.078 15.6145 11.9387 50.078 15.6145 11.9387
2 24 46.078 11.9387 15.6145 50.078 11.9387 15.6145
1 16 0 0 0 1 0 0 0 1 0 0 0 1 s\2573-12.dat
1 16 0 0 0 1 0 0 0 0.86603 -0.5 0 0.5 0.86603 s\2573-12.dat
1 16 0 0 0 1 0 0 0 0.5 -0.86603 0 0.86603 0.5 s\2573-12.dat
1 16 0 0 0 1 0 0 0 0 -1 0 1 0 s\2573-12.dat
1 16 0 0 0 1 0 0 0 -0.5 -0.86603 0 0.86603 -0.5 s\2573-12.dat
1 16 0 0 0 1 0 0 0 -0.86603 -0.5 0 0.5 -0.86603 s\2573-12.dat
1 16 0 0 0 1 0 0 0 -1 0 0 0 -1 s\2573-12.dat
1 16 0 0 0 1 0 0 0 -0.86603 0.5 0 -0.5 -0.86603 s\2573-12.dat
1 16 0 0 0 1 0 0 0 -0.5 0.86603 0 -0.86603 -0.5 s\2573-12.dat
1 16 0 0 0 1 0 0 0 0 1 0 -1 0 s\2573-12.dat
1 16 0 0 0 1 0 0 0 0.5 0.86603 0 -0.86603 0.5 s\2573-12.dat
1 16 0 0 0 1 0 0 0 0.86603 0.5 0 -0.5 0.86603 s\2573-12.dat
