0 Wheel Rim 32 x 56 with Peghole and 6 Spokes with Pegholes
0 Name: 2998.dat
0 Author: Donald Sutter [technog]
0 !LICENSE Licensed under CC BY 4.0 : see CAreadme.txt
0 BFC CERTIFY CCW
0 !KEYWORDS 81.6 x 34 ZR, 8880 Super Car, Technic
0 !CMDLINE -c15
1 16 0 0 13 0 1 0 -1 0 0 0 0 1 s\2998a.dat
1 16 -40 0 0 0 1 0 -1 0 0 0 0 1 s\2998b.dat
1 16 -20 -34.64106 0 0.866025 0.5 0 -0.5 0.866025 0 0 0 1 s\2998b.dat
1 16 20 -34.64106 0 0.866025 -0.5 0 0.5 0.866025 0 0 0 1 s\2998b.dat
1 16 40 0 0 0 -1 0 1 0 0 0 0 1 s\2998b.dat
1 16 20 34.64106 0 -0.866025 -0.5 0 0.5 -0.866025 0 0 0 1 s\2998b.dat
1 16 -20 34.64106 0 -0.866025 0.5 0 -0.5 -0.866025 0 0 0 1 s\2998b.dat
