0 Hemisphere  4 x  4 Multifaceted
0 Name: 30208.dat
0 Author: John Van Zwieten [jvan]
0 !LICENSE Licensed under CC BY 2.0 and CC BY 4.0 : see CAreadme.txt
0 BFC CERTIFY CCW
0 !CATEGORY Sphere
4 16 0 -39.3 -6.351 5.5 -39.3 -3.175 5.5 -39.3 3.175 0 -39.3 6.351
4 16 0 -39.3 6.351 -5.5 -39.3 3.175 -5.5 -39.3 -3.175 0 -39.3 -6.351
0 BFC INVERTNEXT
1 16 0 -4 0 36 0 0 0 -32 0 0 0 -36 48\4-8sphe.dat
1 16 0 -4 0 36 0 0 0 1 0 0 0 36 48\4-4edge.dat
1 16 0 0 0 1 0 0 0 1 0 0 0 1 s\30208-1.dat
1 16 0 0 0 0.5 0 0.86602 0 1 0 -0.86602 0 0.5 s\30208-1.dat
1 16 0 0 0 0.5 0 -0.86602 0 1 0 0.86602 0 0.5 s\30208-1.dat
1 16 0 0 0 -1 0 0 0 1 0 0 0 -1 s\30208-1.dat
1 16 0 0 0 -0.5 0 -0.86602 0 1 0 0.86602 0 -0.5 s\30208-1.dat
1 16 0 0 0 -0.5 0 0.86602 0 1 0 -0.86602 0 -0.5 s\30208-1.dat
1 16 0 0 0 1 0 0 0 4 0 0 0 1 s\86500s01.dat
1 16 0 0 0 -1 0 0 0 4 0 0 0 1 s\86500s01.dat
1 16 0 0 0 0 0 1 0 4 0 -1 0 0 s\86500s01.dat
1 16 0 0 0 0 0 1 0 4 0 1 0 0 s\86500s01.dat
1 16 0 0 0 -1 0 0 0 4 0 0 0 -1 s\86500s01.dat
1 16 0 0 0 1 0 0 0 4 0 0 0 -1 s\86500s01.dat
1 16 0 0 0 0 0 -1 0 4 0 1 0 0 s\86500s01.dat
1 16 0 0 0 0 0 -1 0 4 0 -1 0 0 s\86500s01.dat
