0 Panel  1 x  4 x  3 with Blue Snowflake Logo Pattern
0 Name: 4215ap19.dat
0 Author: Miklos Hosszu [hmick]
0 !LICENSE Licensed under CC BY 2.0 and CC BY 4.0 : see CAreadme.txt
0 BFC CERTIFY CCW
0 !KEYWORDS Action Figure, Arctic, Rescue Unit, Set 8660, Technic
1 16 0 0 0 1 0 0 0 1 0 0 0 1 s\4215as01.dat
1 16 0 36 10 0 0 -30 -30 0 0 0 -1 0 48\4-4ndis.dat
4 16 -40 0 10 40 0 10 30 6 10 -30 6 10
4 16 40 0 10 40 72 10 30 66 10 30 6 10
4 16 40 72 10 -40 72 10 -30 66 10 30 66 10
4 16 -40 72 10 -40 0 10 -30 6 10 -30 66 10
1 16 0 36 10 -0.866025 0 0.5 -0.5 0 -0.866025 0 -1 0 s\4215as19.dat
1 16 0 36 10 0 0 1 -1 0 0 0 -1 0 s\4215as19.dat
1 16 0 36 10 0.866025 0 0.5 -0.5 0 0.866025 0 -1 0 s\4215as19.dat
1 16 0 36 10 0.866025 0 -0.5 0.5 0 0.866025 0 -1 0 s\4215as19.dat
1 16 0 36 10 0 0 -1 1 0 0 0 -1 0 s\4215as19.dat
1 16 0 36 10 -0.866025 0 -0.5 0.5 0 -0.866025 0 -1 0 s\4215as19.dat
