0 Wheel Cover 5 Spoke for Wheel 34 x 56
0 Name: 50965.dat
0 Author: Paolo Campagnaro [pcampagn]
0 !LICENSE Licensed under CC BY 2.0 and CC BY 4.0 : see CAreadme.txt
0 BFC CERTIFY CCW
1 16 0 0 0 1 0 0 0 1 0 0 0 1 s\50965s01.dat
1 16 0 0 0 0.309017 -0.951057 0 0.951057 0.309017 0 0 0 1 s\50965s01.dat
1 16 0 0 0 -0.809017 -0.587785 0 0.587785 -0.809017 0 0 0 1 s\50965s01.dat
1 16 0 0 0 -0.809017 0.587785 0 -0.587785 -0.809017 0 0 0 1 s\50965s01.dat
1 16 0 0 0 0.309017 0.951057 0 -0.951057 0.309017 0 0 0 1 s\50965s01.dat
1 16 0 0 16 1 0 0 0 0 -1 0 40 0 axle.dat
1 16 0 0 8 1 0 0 0 0 -1 0 1 0 stud2.dat
