0 Sticker  0.8 x  1.8 with Dark Grey Lines on White Background Front Right (Formed)
0 Name: 6148328awc01.dat
0 Author: Massimo Maso [Sirio]
0 !LICENSE Licensed under CC BY 4.0 : see CAreadme.txt
0 !HELP Needs work: halftone areas in the headlamp are simplified with dark grey faces
0 BFC CERTIFY CCW
0 !KEYWORDS 919, Bricklink 75876stk01, Brickowl 852010, Hybrid, Pit Lane
0 !KEYWORDS Porsche, Rebrickable 26357, set 75876, Speed Champions
1 16 0 -15.6524 12.616 1 0 0 0 .998894 -.047023 0 .047023 .998894 s\6148328aws01.dat
1 16 0 -15.6524 12.616 1 0 0 0 .989715 -.143056 0 .143056 .989715 s\6148328aws02.dat
1 16 0 -12.8827 -1.648 1 0 0 0 .971148 -.238478 0 .238478 .971148 s\6148328aws03.dat
1 16 0 -12.8827 -1.648 1 0 0 0 .941616 -.336689 0 .336689 .941616 s\6148328aws04.dat
1 16 0 -7.5316 -14.436 1 0 0 0 .900072 -.435742 0 .435742 .900072 s\6148328aws05.dat
1 16 0 -7.5316 -14.436 1 0 0 0 .844289 -.535889 0 .535889 .844289 s\6148328aws06.dat
1 16 0 0 0 1 0 0 0 1 0 0 0 1 s\6148328acs08.dat
