0 Sticker  0.8 x  1.9 with White CapitalSource Logo on Red Background Right (Formed)
0 Name: 6221654ac01.dat
0 Author: Massimo Maso [Sirio]
0 !LICENSE Licensed under CC BY 4.0 : see CAreadme.txt
0 !HELP The name CapitalSource is single word with a capital letter for "S"
0 !HELP The font for the text is "Adobe Caslon Regular"
0 BFC CERTIFY CCW
0 !KEYWORDS 2017, 488, 63, Christina Nielsen, Corsa, Ferrari, GT3, IMSA
0 !KEYWORDS Scuderia, Set 75886, Speed Champions
1 16 0 -15.6524 12.616 1 0 0 0 .998894 -.047023 0 .047023 .998894 s\6221654as01.dat
1 16 0 -15.6524 12.616 1 0 0 0 .989715 -.143056 0 .143056 .989715 s\6221654as02.dat
1 16 0 -12.8827 -1.648 1 0 0 0 .971148 -.238478 0 .238478 .971148 s\6221654as03.dat
1 16 0 -12.8827 -1.648 1 0 0 0 .941616 -.336689 0 .336689 .941616 s\6221654as04.dat
1 16 0 -7.5316 -14.436 1 0 0 0 .900072 -.435742 0 .435742 .900072 s\6221654as05.dat
1 16 0 -7.5316 -14.436 1 0 0 0 .844289 -.535889 0 .535889 .844289 s\6221654as06.dat
1 16 0 0 0 1 0 0 0 1 0 0 0 1 s\6221654as08.dat
