0 Sticker  0.8 x  1.9 with Black, Grey and Red Stripes on White Background Right (Formed)
0 Name: 6221655dc01.dat
0 Author: Massimo Maso [Sirio]
0 !LICENSE Licensed under CC BY 4.0 : see CAreadme.txt
0 BFC CERTIFY CCW
0 !KEYWORDS 3.0, 911 RSR, Porsche, Set 75888, Speed Champions, Turbo
1 16 0 -15.6524 12.616 1 0 0 0 .998894 -.047023 0 .047023 .998894 s\6221655ds01.dat
1 16 0 -15.6524 12.616 1 0 0 0 .989715 -.143056 0 .143056 .989715 s\6221655ds02.dat
1 16 0 -12.8827 -1.648 1 0 0 0 .941616 -.336689 0 .336689 .941616 s\6221655ds03.dat
1 16 0 -7.5316 -14.436 1 0 0 0 .900072 -.435742 0 .435742 .900072 s\6221655ds04.dat
1 16 0 -7.5316 -14.436 1 0 0 0 .844289 -.535889 0 .535889 .844289 s\6221655ds05.dat
1 16 0 0 0 1 0 0 0 1 0 0 0 1 s\6221655as08.dat
4 4 -8 -14.8493 5.3122 -8 -13.1224 -1.7201 8 -13.1224 -1.7201 8 -14.8493 5.3122
