0 Sticker  1.8 x  3 White Trapezoid and Light blue Stripes on Black Background Right (Formed)
0 Name: 6311459ac01.dat
0 Author: Massimo Maso [Sirio]
0 !LICENSE Licensed under CC BY 4.0 : see CAreadme.txt
0 BFC CERTIFY CCW
0 !KEYWORDS Eye, Iron Man, Marvel, Set 76165, Superheroes
1 16 18.9266 .5872 0 0 .052953 .998597 0 .998597 -.052953 -1 0 0 s\6311459as01.dat
1 16 18.9266 .5872 0 0 .157931 .98745 0 .98745 -.157931 -1 0 0 s\6311459as02.dat
1 16 -2.4735 5.1963 0 0 .263169 .96475 0 .96475 -.263169 -1 0 0 s\6311459as03.dat
1 16 -2.4735 5.1963 0 0 .369158 .929367 0 .929367 -.369158 -1 0 0 s\6311459as04.dat
1 16 -21.6589 14.1072 0 0 .473077 .881021 0 .881021 -.473077 -1 0 0 s\6311459as05.dat
1 16 -21.6589 14.1072 0 0 .577007 .816739 0 .816739 -.577007 -1 0 0 s\6311459as06.dat
1 16 0 0 0 0 0 1 0 1 0 -1 0 0 s\6311459as08.dat
