0 Tap  1 x  2 with Two Valves
0 Name: 6936.dat
0 Author: J.C. Tchang [tchang]
0 !LICENSE Licensed under CC BY 4.0 : see CAreadme.txt
0 BFC CERTIFY CW
0 !KEYWORDS faucet, Water Faucet, Water Tap
1 16 0 0 0 1 0 0 0 1 0 0 0 1 s\6936s02.dat
1 16 -10.927 -20.678 0 0.35355 0.86603 0.35355 -0.61237 0.5 -0.61237 -0.70711 0 0.70711 s\6936s01.dat
1 16 -10.927 -20.678 0 -0.35355 0.86603 0.35355 0.61237 0.5 -0.61237 -0.70711 0 -0.70711 s\6936s01.dat
1 16 -10.927 -20.678 0 -0.35355 0.86603 -0.35355 0.61237 0.5 0.61237 0.70711 0 -0.70711 s\6936s01.dat
1 16 -10.927 -20.678 0 0.35355 0.86603 -0.35355 -0.61237 0.5 0.61237 0.70711 0 0.70711 s\6936s01.dat
1 16 10.927 -20.678 0 -0.35355 -0.86603 -0.35355 -0.61237 0.5 -0.61237 0.70711 0 -0.70711 s\6936s01.dat
1 16 10.927 -20.678 0 0.35355 -0.86603 -0.35355 0.61237 0.5 -0.61237 0.70711 0 0.70711 s\6936s01.dat
1 16 10.927 -20.678 0 0.35355 -0.86603 0.35355 0.61237 0.5 0.61237 -0.70711 0 0.70711 s\6936s01.dat
1 16 10.927 -20.678 0 -0.35355 -0.86603 0.35355 -0.61237 0.5 0.61237 -0.70711 0 -0.70711 s\6936s01.dat
