0 Monorail Track Point Right - Straight
0 Name: 74780-f1.dat
0 Author: Mikkel Bech Jensen [gaia]
0 !LDRAW_ORG Unofficial_Shortcut
0 !LICENSE Redistributable under CCAL version 2.0 : see CAreadme.txt

0 !HELP Use the following transformation matrices for 1 x 2 Plates and 1 x 2 Tile with Arrow
0 !HELP 1 16 29.4 1 70 1 0 0 0 1 0 0 0 1 3023.dat
0 !HELP 1 16 29.4 -7 70 1 0 0 0 1 0 0 0 1 3069bp14.dat

0 BFC CERTIFY CCW

0 !KEYWORDS Unitron, Airport Shuttle
0 !KEYWORDS Set 6347, Set 6991

1 16 23.98 5 -110.589 .773 0 .634 0 1 0 -.634 0 .773 2890.dat
1 16 0 0 0 1 0 0 0 1 0 0 0 1 2881a.dat
1 16 0 0 0 1 0 0 0 1 0 0 0 1 2880a.dat
1 16 0 0 0 1 0 0 0 1 0 0 0 1 2882.dat
1 47 -134 13 0 -.878 0 -.48 0 -1 0 .48 0 -.878 2884.dat
1 16 29.4 9 35 -1 0 0 0 1 0 0 0 -1 2883.dat
1 16 100.499 8.102 0 .995 -.105 0 .105 .995 0 0 0 1 2890.dat
1 16 -97.589 13 10.781 -.141 0 -.99 0 1 0 -.99 0 .141 2911.dat
1 16 -62.619 13 -71.722 -.349 0 .937 0 1 0 -.937 0 -.349 2911.dat