0 Animal Dragon with Red Wings (Complete)
0 Name: 75174c01.dat
0 Author: Magnus Forsberg [MagFors]
0 !LICENSE Licensed under CC BY 4.0 : see CAreadme.txt
0 BFC CERTIFY CCW
1 16 0 0 0 1 0 0 0 1 0 0 0 1 75174.dat
1 16 20 14 -77 1 0 0 0 1 0 0 0 1 6128.dat
1 16 -20 14 -77 1 0 0 0 1 0 0 0 1 6127.dat
1 16 0 64 64 1 0 0 0 1 0 0 0 1 6028.dat
1 16 0 -57.5 -61 1 0 0 0 0.924 -0.383 0 0.383 0.924 6027.dat
1 4 29 19 -57 0.707 0.707 0 -0.612 0.612 0.5 0.354 -0.354 0.866 6133.dat
1 4 -29 19 -57 -0.707 0.707 0 -0.612 -0.612 0.5 0.354 0.353 0.866 6133.dat
1 38 0 -31.8 -116.3 0 -1 0 -0.924 0 0.383 -0.383 0 -0.924 6126.dat
