0 Minifig Torso with Arms and Hands with Crocodile Skin with Dark Red Scar and Blue Round Jewel (Chi) Belt Pattern
0 Name: 76382paz.dat
0 Author: Magnus Forsberg [MagFors]
0 !LICENSE Licensed under CC BY 4.0 : see CAreadme.txt
0 BFC CERTIFY CCW
0 !KEYWORDS Bricklink 973pb1375c01, BrickOwl 318954, Chima, Crug
0 !KEYWORDS Rebrickable 973c19h19pr2248, set 30252, set 70002, set 70014
0 !KEYWORDS set 70112
1 16 0 0 0 1 0 0 0 1 0 0 0 1 973paz.dat
1 16 -15.552 9 0 0.985 -0.17 0 0.17 0.985 0 0 0 1 3818.dat
1 16 15.552 9 0 0.985 0.17 0 -0.17 0.985 0 0 0 1 3819.dat
1 16 -23.69 26.774 -9.898 0.985 -0.12 0.12 0.17 0.696 -0.696 0 0.707 0.707 3820.dat
1 16 23.69 26.774 -9.898 0.985 0.12 -0.12 -0.17 0.696 -0.696 0 0.707 0.707 3820.dat
