0 Minifig Torso with Arms and Hands with Pirate Vest over Yellow Skin, Anchor Tattoo, Rope on Back Pattern
0 Name: 76382p3v.dat
0 Author: Magnus Forsberg [MagFors]
0 !LICENSE Licensed under CC BY 4.0 : see CAreadme.txt
0 BFC CERTIFY CCW
0 !KEYWORDS Bricklink 973pb0523c01, BrickOwl 117595, Rebrickable 973c01h01pr1439
0 !KEYWORDS set 6240, Set 6241, Set 6242, set 6243, set 852750
1 16 0 0 0 1 0 0 0 1 0 0 0 1 973p3v.dat
1 14 -15.552 9 0 0.985 -0.17 0 0.17 0.985 0 0 0 1 3818.dat
1 14 15.552 9 0 0.985 0.17 0 -0.17 0.985 0 0 0 1 3819.dat
1 14 -23.69 26.774 -9.898 0.985 -0.12 0.12 0.17 0.696 -0.696 0 0.707 0.707 3820.dat
1 14 23.69 26.774 -9.898 0.985 0.12 -0.12 -0.17 0.696 -0.696 0 0.707 0.707 3820.dat
