0 Minifig Torso with Arms and Hands with Black Tie and Stripes Pattern
0 Name: 76382pxz.dat
0 Author: Magnus Forsberg [MagFors]
0 !LICENSE Licensed under CC BY 4.0 : see CAreadme.txt
0 BFC CERTIFY CCW
0 !KEYWORDS Beetlejuice, Bricklink 973pb2840c01, Brickowl 91606
0 !KEYWORDS Rebrickable 973c27h27pr3902, Set 71349
1 16 0 0 0 1 0 0 0 1 0 0 0 1 973pxz.dat
1 16 -15.552 9 0 0.985 -0.17 0 0.17 0.985 0 0 0 1 3818px3.dat
1 16 15.552 9 0 0.985 0.17 0 -0.17 0.985 0 0 0 1 3819px3.dat
1 16 -23.69 26.774 -9.898 0.985 -0.12 0.12 0.17 0.696 -0.696 0 0.707 0.707 3820.dat
1 16 23.69 26.774 -9.898 0.985 0.12 -0.12 -0.17 0.696 -0.696 0 0.707 0.707 3820.dat
