0 Minifig Torso with Arms and Hands with Plaid Jacket, Collar, Buttons and Light Blue Shirt Pattern
0 Name: 76382p0l.dat
0 Author: Orion Pobursky [OrionP]
0 !LICENSE Licensed under CC BY 4.0 : see CAreadme.txt
0 BFC CERTIFY CCW
0 !KEYWORDS Bricklink 973pb2148c01, Brickowl 602137, Rebrickable 973c04h01pr3045
0 !KEYWORDS Set 10257, Set 10686
1 16 0 0 0 1 0 0 0 1 0 0 0 1 973p0l.dat
1 16 -15.552 9 0 0.985 -0.17 0 0.17 0.985 0 0 0 1 3818.dat
1 16 15.552 9 0 0.985 0.17 0 -0.17 0.985 0 0 0 1 3819.dat
1 14 -23.69 26.774 -9.898 0.985 -0.12 0.12 0.17 0.696 -0.696 0 0.707 0.707 3820.dat
1 14 23.69 26.774 -9.898 0.985 0.12 -0.12 -0.17 0.696 -0.696 0 0.707 0.707 3820.dat
