0 Minifig Torso with Arms and Hands with Jacket over Shirt and Prison Stripes Pattern
0 Name: 76382p7t.dat
0 Author: Takeshi Takahashi [RainbowDolphin]
0 !LICENSE Licensed under CC BY 4.0 : see CAreadme.txt
0 BFC CERTIFY CCW
0 !KEYWORDS Bricklink 973pb0798c01, Brickowl 59653, City, jail, police
0 !KEYWORDS Rebrickable 973c14h01pr1694, Set 4438, Set 4441, Set 7279, Set 7287
0 !KEYWORDS Set 7498, Set 7553, Set 853092
1 16 0 0 0 1 0 0 0 1 0 0 0 1 973p7t.dat
1 16 -15.552 9 0 0.985 -0.17 0 0.17 0.985 0 0 0 1 3818.dat
1 16 15.552 9 0 0.985 0.17 0 -0.17 0.985 0 0 0 1 3819.dat
1 14 -23.69 26.774 -9.898 0.985 -0.12 0.12 0.17 0.696 -0.696 0 0.707 0.707 3820.dat
1 14 23.69 26.774 -9.898 0.985 0.12 -0.12 -0.17 0.696 -0.696 0 0.707 0.707 3820.dat
