0 Minifig Torso with Arms and Hands with Six Button Suit, Red Tie, and Airplane Pattern
0 Name: 76382p8u.dat
0 Author: Evert-Jan Boer [ejboer]
0 !LICENSE Licensed under CC BY 4.0 : see CAreadme.txt
0 BFC CERTIFY CCW
0 !KEYWORDS Bricklink 973pb0109c01, BrickOwl 577279, Rebrickable 973c03h01pr1238
0 !KEYWORDS Set 10199, Set 10764, Set 2928, Set 3181, Set 3182, Set 3222
0 !KEYWORDS Set 60102, Set 60261, Set 7696, Set 7893, Set 7894, Set 9247
0 !KEYWORDS Set 9321, Set 9335
1 16 0 0 0 1 0 0 0 1 0 0 0 1 973p8u.dat
1 16 -15.552 9 0 0.985 -0.17 0 0.17 0.985 0 0 0 1 3818.dat
1 16 15.552 9 0 0.985 0.17 0 -0.17 0.985 0 0 0 1 3819.dat
1 14 -23.69 26.774 -9.898 0.985 -0.12 0.12 0.17 0.696 -0.696 0 0.707 0.707 3820.dat
1 14 23.69 26.774 -9.898 0.985 0.12 -0.12 -0.17 0.696 -0.696 0 0.707 0.707 3820.dat
