0 Minifig Torso with Arms and Hands with Bright Light Orange Pineapples and Light Aqua Leaves Pattern
0 Name: 76382p5n.dat
0 Author: Philippe Hurbain [Philo]
0 !LICENSE Licensed under CC BY 4.0 : see CAreadme.txt
0 BFC CERTIFY CCW
0 !KEYWORDS Animal Crossing, Audie, Bricklink 973pb5760c01, Set 77052
1 16 0 0 0 1 0 0 0 1 0 0 0 1 973p5n.dat
1 402 -15.552 9 0 .985 -.17 0 .17 .985 0 0 0 1 3818.dat
1 402 15.552 9 0 .985 .17 0 -.17 .985 0 0 0 1 3819.dat
1 226 -23.69 26.774 -9.898 .985 -.12 .12 .17 .696 -.696 0 .707 .707 3820.dat
1 226 23.69 26.774 -9.898 .985 .12 -.12 -.17 .696 -.696 0 .707 .707 3820.dat
