0 Minifig Torso with Arms and Hands with Submarine and Gauges Pattern
0 Name: 76382p08.dat
0 Author: Orion Pobursky [OrionP]
0 !LICENSE Licensed under CC BY 4.0 : see CAreadme.txt
0 BFC CERTIFY CCW
0 !KEYWORDS Bricklink 973px51c01, diver, Rebrickable 973c22h03pr0051, Set 6442
0 !KEYWORDS Set 6555, Set 6557, Set 6560, Set 6599
1 16 0 0 0 1 0 0 0 1 0 0 0 1 973p08.dat
1 16 -15.552 9 0 0.985 -0.17 0 0.17 0.985 0 0 0 1 3818.dat
1 16 15.552 9 0 0.985 0.17 0 -0.17 0.985 0 0 0 1 3819.dat
1 0 -23.69 26.774 -9.898 0.985 -0.12 0.12 0.17 0.696 -0.696 0 0.707 0.707 3820.dat
1 0 23.69 26.774 -9.898 0.985 0.12 -0.12 -0.17 0.696 -0.696 0 0.707 0.707 3820.dat
