0 Minifig Torso with Arms and Hands with Shirt, Badge, Blue Tie, "POLICE" Back Pattern
0 Name: 76382p7m.dat
0 Author: Magnus Forsberg [MagFors]
0 !LICENSE Licensed under CC BY 4.0 : see CAreadme.txt
0 BFC CERTIFY CCW
0 !KEYWORDS Bricklink 973pb0801c01, BrickOwl 619120, Rebrickable 973c32h01pr1697
0 !KEYWORDS set 10675, Set 3661, Set 4207, Set 7288, Set 7498
1 16 0 0 0 1 0 0 0 1 0 0 0 1 973p7m.dat
1 16 -15.552 9 0 0.985 -0.17 0 0.17 0.985 0 0 0 1 3818.dat
1 16 15.552 9 0 0.985 0.17 0 -0.17 0.985 0 0 0 1 3819.dat
1 14 -23.69 26.774 -9.898 0.985 -0.12 0.12 0.17 0.696 -0.696 0 0.707 0.707 3820.dat
1 14 23.69 26.774 -9.898 0.985 0.12 -0.12 -0.17 0.696 -0.696 0 0.707 0.707 3820.dat
