0 Minifig Torso with Arms and Hands with Dark Bluish Grey Straps, Belt, Pouches and "ACU" Pattern
0 Name: 76382pxe.dat
0 Author: Evert-Jan Boer [ejboer]
0 !LICENSE Licensed under CC BY 4.0 : see CAreadme.txt
0 BFC CERTIFY CCW
0 !KEYWORDS Bricklink 973pb2059, BrickOwl 94936, Jurassic world
0 !KEYWORDS Rebrickable 973c05h03pr3060, Set 71205, Set 75915, Set 75916
0 !KEYWORDS Set 75917, Set 75918, Set 75919
1 16 0 0 0 1 0 0 0 1 0 0 0 1 973pxe.dat
1 16 -15.552 9 0 0.985 -0.17 0 0.17 0.985 0 0 0 1 3818.dat
1 16 15.552 9 0 0.985 0.17 0 -0.17 0.985 0 0 0 1 3819.dat
1 0 -23.69 26.774 -9.898 0.985 -0.12 0.12 0.17 0.696 -0.696 0 0.707 0.707 3820.dat
1 0 23.69 26.774 -9.898 0.985 0.12 -0.12 -0.17 0.696 -0.696 0 0.707 0.707 3820.dat
