0 Minifig Torso with Arms and Hands with Vest with Plaid Shirt and Blue Denim Jacket Pattern
0 Name: 76382px9.dat
0 Author: Orion Pobursky [OrionP]
0 !LICENSE Licensed under CC BY 4.0 : see CAreadme.txt
0 BFC CERTIFY CCW
0 !KEYWORDS Back To The Future, Bricklink 973pb1477c01, Brickowl 983455, BTTF
0 !KEYWORDS Marty McFly, Rebrickable 973c28h02pr2463, Set 21103, Set 71201
1 16 0 0 0 1 0 0 0 1 0 0 0 1 973px9.dat
1 1 -15.552 9 0 0.985 -0.17 0 0.17 0.985 0 0 0 1 3818.dat
1 1 15.552 9 0 0.985 0.17 0 -0.17 0.985 0 0 0 1 3819.dat
1 78 -23.69 26.774 -9.898 0.985 -0.12 0.12 0.17 0.696 -0.696 0 0.707 0.707 3820.dat
1 78 23.69 26.774 -9.898 0.985 0.12 -0.12 -0.17 0.696 -0.696 0 0.707 0.707 3820.dat
