0 Minifig Torso with Arms and Hands with Halter Top with Green Apples and Lime Spots Pattern
0 Name: 76382p1x.dat
0 Author: Gerald Lasser [GeraldLasser]
0 !LICENSE Licensed under CC BY 4.0 : see CAreadme.txt
0 BFC CERTIFY CCW
0 !KEYWORDS Bricklink 973pb2732c01, BrickOwl 346665, Rebrickable 973c01h01pr3813
0 !KEYWORDS Set 31138
1 16 0 0 0 1 0 0 0 1 0 0 0 1 973p1x.dat
1 14 -15.552 9 0 0.985 -0.17 0 0.17 0.985 0 0 0 1 3818.dat
1 14 15.552 9 0 0.985 0.17 0 -0.17 0.985 0 0 0 1 3819.dat
1 14 -23.69 26.774 -9.898 0.985 -0.12 0.12 0.17 0.696 -0.696 0 0.707 0.707 3820.dat
1 14 23.69 26.774 -9.898 0.985 0.12 -0.12 -0.17 0.696 -0.696 0 0.707 0.707 3820.dat
