0 Minifig Torso with Arms and Hands with Jacket over White Button Down Shirt Pattern
0 Name: 76382p7z.dat
0 Author: Takeshi Takahashi [RainbowDolphin]
0 !LICENSE Licensed under CC BY 4.0 : see CAreadme.txt
0 BFC CERTIFY CCW
0 !KEYWORDS Bricklink 973pb0333c01, Brickowl 253548, City, Creator
0 !KEYWORDS Rebrickable 973c05h01pr1166, set 10190, set 10222, set 10235
0 !KEYWORDS set 10244, Set 30349, Set 31012, Set 3181, Set 4000012, Set 4513
0 !KEYWORDS Set 60050, Set 75874, Set 7636, Set 7643, Set 7696, Set 7897
0 !KEYWORDS Set 9247
1 16 0 0 0 1 0 0 0 1 0 0 0 1 973p7z.dat
1 16 -15.552 9 0 0.985 -0.17 0 0.17 0.985 0 0 0 1 3818.dat
1 16 15.552 9 0 0.985 0.17 0 -0.17 0.985 0 0 0 1 3819.dat
1 14 -23.69 26.774 -9.898 0.985 -0.12 0.12 0.17 0.696 -0.696 0 0.707 0.707 3820.dat
1 14 23.69 26.774 -9.898 0.985 0.12 -0.12 -0.17 0.696 -0.696 0 0.707 0.707 3820.dat
