0 Minifig Torso with Arms and Hands with Belt, Knife, Scabbard and Lightning Power Emblem Pattern
0 Name: 76382pnc.dat
0 Author: Orion Pobursky [OrionP]
0 !LICENSE Licensed under CC BY 4.0 : see CAreadme.txt
0 BFC CERTIFY CCW
0 !KEYWORDS Bricklink 973pb1981c01, BrickOwl 104613, Jay, Ninjago
0 !KEYWORDS Rebrickable 973c28h03pr2855, Set 70749, Set 71215
1 16 0 0 0 1 0 0 0 1 0 0 0 1 973pnc.dat
1 16 -15.552 9 0 0.985 -0.17 0 0.17 0.985 0 0 0 1 3818.dat
1 16 15.552 9 0 0.985 0.17 0 -0.17 0.985 0 0 0 1 3819.dat
1 0 -23.69 26.774 -9.898 0.985 -0.12 0.12 0.17 0.696 -0.696 0 0.707 0.707 3820.dat
1 0 23.69 26.774 -9.898 0.985 0.12 -0.12 -0.17 0.696 -0.696 0 0.707 0.707 3820.dat
