0 Minifig Torso with Arms and Hands with Polo Shirt with Pocket and Pen with LEGO Logo on Back Pattern
0 Name: 76382p98.dat
0 Author: Magnus Forsberg [MagFors]
0 !LICENSE Licensed under CC BY 4.0 : see CAreadme.txt
0 BFC CERTIFY CCW
0 !KEYWORDS Bricklink 973pb2032c01, BrickOwl 236271, Rebrickable 973c01h01pr3080
0 !KEYWORDS set 10261, Set 10303, Set 31105, Set 60097
1 16 0 0 0 1 0 0 0 1 0 0 0 1 973p98.dat
1 16 -15.552 9 0 0.985 -0.17 0 0.17 0.985 0 0 0 1 3818.dat
1 16 15.552 9 0 0.985 0.17 0 -0.17 0.985 0 0 0 1 3819.dat
1 16 -23.69 26.774 -9.898 0.985 -0.12 0.12 0.17 0.696 -0.696 0 0.707 0.707 3820.dat
1 16 23.69 26.774 -9.898 0.985 0.12 -0.12 -0.17 0.696 -0.696 0 0.707 0.707 3820.dat
