0 Minifig Torso with Arms and Hands with Female Jacket with 2 Pockets, Buttons, Gold Necklace Pattern
0 Name: 76382pbj.dat
0 Author: Magnus Forsberg [MagFors]
0 !LICENSE Licensed under CC BY 4.0 : see CAreadme.txt
0 BFC CERTIFY CCW
0 !KEYWORDS Bricklink 973pb1396c01, BrickOwl 961170, Iron Man, Malibu Mansion
0 !KEYWORDS Pepper Potts, Rebrickable 973c27h02pr2433, set 76007
1 16 0 0 0 1 0 0 0 1 0 0 0 1 973pbj.dat
1 16 -15.552 9 0 0.985 -0.17 0 0.17 0.985 0 0 0 1 3818.dat
1 16 15.552 9 0 0.985 0.17 0 -0.17 0.985 0 0 0 1 3819.dat
1 78 -23.69 26.774 -9.898 0.985 -0.12 0.12 0.17 0.696 -0.696 0 0.707 0.707 3820.dat
1 78 23.69 26.774 -9.898 0.985 0.12 -0.12 -0.17 0.696 -0.696 0 0.707 0.707 3820.dat
