0 Minifig Torso with Arms and Hands with Female Sweater, Bow and Heart Shaped Necklace Pattern
0 Name: 76382p9u.dat
0 Author: Takeshi Takahashi [RainbowDolphin]
0 !LICENSE Licensed under CC BY 4.0 : see CAreadme.txt
0 BFC CERTIFY CCW
0 !KEYWORDS Bricklink 973pb0580c01, City, Creator, Rebrickable 973c22h01pr1485
0 !KEYWORDS set 10211, Set 10216, set 10235, set 2824, Set 40058, Set 40145
0 !KEYWORDS Set 40261, Set 4206, Set 4207, Set 4428, Set 5003470, Set 5003471
0 !KEYWORDS Set 5560, Set 5899, Set 60050, Set 60097, Set 60201, Set 7639
0 !KEYWORDS set 7937, Set 9311, Set 9314, Set 9335, Set 9349, Set 9389, Set 9664
1 16 0 0 0 1 0 0 0 1 0 0 0 1 973p9u.dat
1 16 -15.552 9 0 0.985 -0.17 0 0.17 0.985 0 0 0 1 3818.dat
1 16 15.552 9 0 0.985 0.17 0 -0.17 0.985 0 0 0 1 3819.dat
1 14 -23.69 26.774 -9.898 0.985 -0.12 0.12 0.17 0.696 -0.696 0 0.707 0.707 3820.dat
1 14 23.69 26.774 -9.898 0.985 0.12 -0.12 -0.17 0.696 -0.696 0 0.707 0.707 3820.dat
