0 Minifig Torso with Arms and Hands with Female Top with Yellow Neck and White Undershirt Pattern
0 Name: 76382p9f.dat
0 Author: Magnus Forsberg [MagFors]
0 !LICENSE Licensed under CC BY 4.0 : see CAreadme.txt
0 BFC CERTIFY CCW
0 !KEYWORDS 2-sided, Bricklink 973pb3165c01, BrickOwl 16807
0 !KEYWORDS Rebrickable 973c43h01pr4284, Set 10326, Set 60202, set 60233
0 !KEYWORDS Set 71741
1 16 0 0 0 1 0 0 0 1 0 0 0 1 973p9f.dat
1 16 -15.552 9 0 0.985 -0.17 0 0.17 0.985 0 0 0 1 3818.dat
1 16 15.552 9 0 0.985 0.17 0 -0.17 0.985 0 0 0 1 3819.dat
1 14 -23.69 26.774 -9.898 0.985 -0.12 0.12 0.17 0.696 -0.696 0 0.707 0.707 3820.dat
1 14 23.69 26.774 -9.898 0.985 0.12 -0.12 -0.17 0.696 -0.696 0 0.707 0.707 3820.dat
