0 Minifig Torso with Arms and Hands with Female Top with  2 White Buttons and Black Straps Pattern
0 Name: 76382p9j.dat
0 Author: Magnus Forsberg [MagFors]
0 !LICENSE Licensed under CC BY 4.0 : see CAreadme.txt
0 BFC CERTIFY CCW
0 !KEYWORDS Bricklink 973pb1608c01, BrickOwl 170641, detective, lady in red
0 !KEYWORDS office, Rebrickable 973c01h01pr0080, set 10246, set 31079, set 45805
0 !KEYWORDS set 70806
1 16 0 0 0 1 0 0 0 1 0 0 0 1 973p9j.dat
1 14 -15.552 9 0 0.985 -0.17 0 0.17 0.985 0 0 0 1 3818.dat
1 14 15.552 9 0 0.985 0.17 0 -0.17 0.985 0 0 0 1 3819.dat
1 14 -23.69 26.774 -9.898 0.985 -0.12 0.12 0.17 0.696 -0.696 0 0.707 0.707 3820.dat
1 14 23.69 26.774 -9.898 0.985 0.12 -0.12 -0.17 0.696 -0.696 0 0.707 0.707 3820.dat
