0 Minifig Torso with Arms and Hands with Female Suit Jacket, Pink Shirt and Magenta Scarf Pattern
0 Name: 76382p9w.dat
0 Author: Takeshi Takahashi [RainbowDolphin]
0 !LICENSE Licensed under CC BY 4.0 : see CAreadme.txt
0 BFC CERTIFY CCW
0 !KEYWORDS Bricklink 973pb0639c01, City, Creator, Rebrickable 973c12h01pr1576
0 !KEYWORDS set 10211, Set 10216, Set 10224, set 10229, set 10235, set 10247
0 !KEYWORDS Set 10249, set 10260, Set 21110, set 2824, Set 31036, Set 3182
0 !KEYWORDS Set 3222, Set 3661, Set 4000008, Set 4000014, Set 4000034, Set 60017
0 !KEYWORDS Set 60022, Set 60097, Set 60119, Set 60228, Set 7848, set 8404
1 16 0 0 0 1 0 0 0 1 0 0 0 1 973p9w.dat
1 16 -15.552 9 0 0.985 -0.17 0 0.17 0.985 0 0 0 1 3818.dat
1 16 15.552 9 0 0.985 0.17 0 -0.17 0.985 0 0 0 1 3819.dat
1 14 -23.69 26.774 -9.898 0.985 -0.12 0.12 0.17 0.696 -0.696 0 0.707 0.707 3820.dat
1 14 23.69 26.774 -9.898 0.985 0.12 -0.12 -0.17 0.696 -0.696 0 0.707 0.707 3820.dat
