0 Minifig Torso with Arms and Hands with Stopwatch, Notebook and Radiation Symbol Pattern
0 Name: 76382p10.dat
0 Author: Orion Pobursky [OrionP]
0 !LICENSE Licensed under CC BY 4.0 : see CAreadme.txt
0 BFC CERTIFY CCW
0 !KEYWORDS Bricklink 973pb1478c01, Brickowl 752511, Doc Brown
0 !KEYWORDS Rebrickable 973c27h02pr2464, Set 21103, Set 71230
1 16 0 0 0 1 0 0 0 1 0 0 0 1 973p10.dat
1 16 -15.552 9 0 0.985 -0.17 0 0.17 0.985 0 0 0 1 3818.dat
1 16 15.552 9 0 0.985 0.17 0 -0.17 0.985 0 0 0 1 3819.dat
1 78 -23.69 26.774 -9.898 0.985 -0.12 0.12 0.17 0.696 -0.696 0 0.707 0.707 3820.dat
1 78 23.69 26.774 -9.898 0.985 0.12 -0.12 -0.17 0.696 -0.696 0 0.707 0.707 3820.dat
