0 Minifig Torso with Arms and Hands with Hoodie Scarlet Spider over Red Shirt and Silver Belt Pattern
0 Name: 76382pbs.dat
0 Author: Magnus Forsberg [MagFors]
0 !LICENSE Licensed under CC BY 4.0 : see CAreadme.txt
0 BFC CERTIFY CCW
0 !KEYWORDS Bricklink 973pb2435c01, BrickOwl 21963, Marvel
0 !KEYWORDS Rebrickable 973c22h22pr3448, Set 76057, Spider-Man, Super Heroes
1 16 0 0 0 1 0 0 0 1 0 0 0 1 973pbs.dat
1 4 -15.552 9 0 0.985 -0.17 0 0.17 0.985 0 0 0 1 3818.dat
1 4 15.552 9 0 0.985 0.17 0 -0.17 0.985 0 0 0 1 3819.dat
1 4 -23.69 26.774 -9.898 0.985 -0.12 0.12 0.17 0.696 -0.696 0 0.707 0.707 3820.dat
1 4 23.69 26.774 -9.898 0.985 0.12 -0.12 -0.17 0.696 -0.696 0 0.707 0.707 3820.dat
