0 Minifig Torso with Arms and Hands with Hooded Sweatshirt, Dark Purple Shirt with Silver Star Pattern
0 Name: 76382p0j.dat
0 Author: Orion Pobursky [OrionP]
0 !LICENSE Licensed under CC BY 4.0 : see CAreadme.txt
0 BFC CERTIFY CCW
0 !KEYWORDS Bricklink 973pb2344c01, Brickowl 232486, Rebrickable 973c29h01pr3434
0 !KEYWORDS Set 10255, Set 10257, Set 40236, Set 40346, set 60134, Set 60154
0 !KEYWORDS Set 60202, Set 60292, Set 60338, Set 80108
1 16 0 0 0 1 0 0 0 1 0 0 0 1 973p0j.dat
1 16 -15.552 9 0 0.985 -0.17 0 0.17 0.985 0 0 0 1 3818.dat
1 16 15.552 9 0 0.985 0.17 0 -0.17 0.985 0 0 0 1 3819.dat
1 14 -23.69 26.774 -9.898 0.985 -0.12 0.12 0.17 0.696 -0.696 0 0.707 0.707 3820.dat
1 14 23.69 26.774 -9.898 0.985 0.12 -0.12 -0.17 0.696 -0.696 0 0.707 0.707 3820.dat
