0 Minifig Torso with Arms and Hands with Leather Vest with Zipped Pockets, Light Bluish Grey Shirt and Knife on Back Pattern
0 Name: 76382p0u.dat
0 Author: Orion Pobursky [OrionP]
0 !LICENSE Licensed under CC BY 4.0 : see CAreadme.txt
0 BFC CERTIFY CCW
0 !KEYWORDS Bricklink 973pb2053c01, Brickowl 523796, Jurassic world, Owen Grady
0 !KEYWORDS Rebrickable 973c14h02pr3054, Set 71205, Set 75917
1 16 0 0 0 1 0 0 0 1 0 0 0 1 973p0u.dat
1 71 -15.552 9 0 0.985 -0.17 0 0.17 0.985 0 0 0 1 3818.dat
1 71 15.552 9 0 0.985 0.17 0 -0.17 0.985 0 0 0 1 3819.dat
1 78 -23.69 26.774 -9.898 0.985 -0.12 0.12 0.17 0.696 -0.696 0 0.707 0.707 3820.dat
1 78 23.69 26.774 -9.898 0.985 0.12 -0.12 -0.17 0.696 -0.696 0 0.707 0.707 3820.dat
