0 Minifig Torso with Arms and Hands with Pink Tank Top with Bright Light Orange Arms Pattern
0 Name: 76382pdgc.dat
0 Author: Magnus Forsberg [MagFors]
0 !LICENSE Licensed under CC BY 4.0 : see CAreadme.txt
0 BFC CERTIFY CCW
0 !KEYWORDS Bricklink 973pb4700c01, Brickowl 195783, CMF, Collectable, Janice
0 !KEYWORDS Rebrickable 973c38h38pr0001, set 71033, The Muppets
1 16 0 0 0 1 0 0 0 1 0 0 0 1 973pdgc.dat
1 191 -15.552 9 0 0.985 -0.17 0 0.17 0.985 0 0 0 1 3818.dat
1 191 15.552 9 0 0.985 0.17 0 -0.17 0.985 0 0 0 1 3819.dat
1 191 -23.69 26.774 -9.898 0.985 -0.12 0.12 0.17 0.696 -0.696 0 0.707 0.707 3820.dat
1 191 23.69 26.774 -9.898 0.985 0.12 -0.12 -0.17 0.696 -0.696 0 0.707 0.707 3820.dat
