0 Minifig Torso with Arms and Hands with Jacket and Belt with Silver Buckle over Medium Azure Shirt with Silver Diagonal Stripes Pattern
0 Name: 76382p2o.dat
0 Author: Orion Pobursky [OrionP]
0 !LICENSE Licensed under CC BY 4.0 : see CAreadme.txt
0 BFC CERTIFY CCW
0 !KEYWORDS Bricklink 973pb5295c01, BrickOwl 1419106, diver
0 !KEYWORDS Rebrickable 973c42h01pr6589, Set 60377, Set 60379
1 16 0 0 0 1 0 0 0 1 0 0 0 1 973p2o.dat
1 322 -15.552 9 0 0.985 -0.17 0 0.17 0.985 0 0 0 1 3818.dat
1 322 15.552 9 0 0.985 0.17 0 -0.17 0.985 0 0 0 1 3819.dat
1 14 -23.69 26.774 -9.898 0.985 -0.12 0.12 0.17 0.696 -0.696 0 0.707 0.707 3820.dat
1 14 23.69 26.774 -9.898 0.985 0.12 -0.12 -0.17 0.696 -0.696 0 0.707 0.707 3820.dat
