0 Minifig Torso with Arms and Hands with Vest with White Shirt and Blue Striped Tie and Buttons Pattern
0 Name: 76382puc.dat
0 Author: Philippe Hurbain [Philo]
0 !LICENSE Licensed under CC BY 4.0 : see CAreadme.txt
0 BFC CERTIFY CCW
0 !KEYWORDS Bricklink 973pb3159c01, BrickOwl 252128, Rebrickable 973c27h01pr4203
0 !KEYWORDS Set 10273, Set 10297, Set 60271
1 16 0 0 0 1 0 0 0 1 0 0 0 1 973puc.dat
1 15 -15.552 9 0 0.985 -0.17 0 0.17 0.985 0 0 0 1 3818.dat
1 15 15.552 9 0 0.985 0.17 0 -0.17 0.985 0 0 0 1 3819.dat
1 14 -23.69 26.774 -9.898 0.985 -0.12 0.12 0.17 0.696 -0.696 0 0.707 0.707 3820.dat
1 14 23.69 26.774 -9.898 0.985 0.12 -0.12 -0.17 0.696 -0.696 0 0.707 0.707 3820.dat
