0 Minifig Torso with Arms and Hands with Hoodie with Zipper over Lime and Green Striped Shirt Pattern
0 Name: 76382p99.dat
0 Author: Magnus Forsberg [MagFors]
0 !LICENSE Licensed under CC BY 4.0 : see CAreadme.txt
0 BFC CERTIFY CCW
0 !KEYWORDS Bricklink 973pb2346c01, BrickOwl 732784, Rebrickable 973c04h01pr3431
0 !KEYWORDS set 21310, set 31084, Set 40346, Set 60154, Set 60271, Set 60306
1 16 0 0 0 1 0 0 0 1 0 0 0 1 973p99.dat
1 16 -15.552 9 0 0.985 -0.17 0 0.17 0.985 0 0 0 1 3818.dat
1 16 15.552 9 0 0.985 0.17 0 -0.17 0.985 0 0 0 1 3819.dat
1 14 -23.69 26.774 -9.898 0.985 -0.12 0.12 0.17 0.696 -0.696 0 0.707 0.707 3820.dat
1 14 23.69 26.774 -9.898 0.985 0.12 -0.12 -0.17 0.696 -0.696 0 0.707 0.707 3820.dat
