0 Minifig Torso with Arms and Hands with Muscles, Light Bluish Grey Shadow and Gold Belt Pattern
0 Name: 76382pbi.dat
0 Author: Evert-Jan Boer [ejboer]
0 !LICENSE Licensed under CC BY 4.0 : see CAreadme.txt
0 BFC CERTIFY CCW
0 !KEYWORDS Batman, Bricklink 973pb1839, BrickOwl 233632
0 !KEYWORDS Rebrickable 973c12h03pr2922, Set 71200, Set 76026, Set 76034
0 !KEYWORDS Set 76035, Set 76053, Set 76055 Set 76027
1 16 0 0 0 1 0 0 0 1 0 0 0 1 973pbi.dat
1 16 -15.552 9 0 0.985 -0.17 0 0.17 0.985 0 0 0 1 3818.dat
1 16 15.552 9 0 0.985 0.17 0 -0.17 0.985 0 0 0 1 3819.dat
1 0 -23.69 26.774 -9.898 0.985 -0.12 0.12 0.17 0.696 -0.696 0 0.707 0.707 3820.dat
1 0 23.69 26.774 -9.898 0.985 0.12 -0.12 -0.17 0.696 -0.696 0 0.707 0.707 3820.dat
