0 Minifig Torso with Arms and Hands with Blue Pinstriped Shirt, Apron and Pink Bowtie Pattern
0 Name: 76382pdgb.dat
0 Author: Magnus Forsberg [MagFors]
0 !LICENSE Licensed under CC BY 4.0 : see CAreadme.txt
0 BFC CERTIFY CCW
0 !KEYWORDS Bricklink 973pb4695c01, Brickowl 190976, CMF, Collectable
0 !KEYWORDS Rebrickable 973c27h02pr0001, set 71033, Swedish Chef, The Muppets
1 16 0 0 0 1 0 0 0 1 0 0 0 1 973pdgb.dat
1 16 -15.552 9 0 0.985 -0.17 0 0.17 0.985 0 0 0 1 3818pdgb.dat
1 16 15.552 9 0 0.985 0.17 0 -0.17 0.985 0 0 0 1 3819pdgb.dat
1 78 -23.69 26.774 -9.898 0.985 -0.12 0.12 0.17 0.696 -0.696 0 0.707 0.707 3820.dat
1 78 23.69 26.774 -9.898 0.985 0.12 -0.12 -0.17 0.696 -0.696 0 0.707 0.707 3820.dat
