0 Minifig Torso with Arms and Hands with Tan and Dark Tan Turtle Shell and Dark Brown Belt Pattern
0 Name: 76382ptb.dat
0 Author: Orion Pobursky [OrionP]
0 !LICENSE Licensed under CC BY 4.0 : see CAreadme.txt
0 BFC CERTIFY CCW
0 !KEYWORDS Bricklink 973pb1363c02, Brickowl 699909, Michelangelo, mike, Mikey
0 !KEYWORDS Nickelodeon, Rebrickable 973c06h06pr2262, Set 30271, Set 79100
0 !KEYWORDS Set 79104, Set 79122, Teenage Mutant Ninja Turtles, TMNT
1 16 0 0 0 1 0 0 0 1 0 0 0 1 973ptb.dat
1 16 -15.552 9 0 0.985 -0.17 0 0.17 0.985 0 0 0 1 3818.dat
1 16 15.552 9 0 0.985 0.17 0 -0.17 0.985 0 0 0 1 3819.dat
1 16 -23.69 26.774 -9.898 0.985 -0.12 0.12 0.17 0.696 -0.696 0 0.707 0.707 3820.dat
1 16 23.69 26.774 -9.898 0.985 0.12 -0.12 -0.17 0.696 -0.696 0 0.707 0.707 3820.dat
