0 Minifig Torso with Red Arms and White Hands with Dark Red, Red and Gold Armour and Fire Chi Emblem Pattern
0 Name: 76382p0x.dat
0 Author: Orion Pobursky [OrionP]
0 !LICENSE Licensed under CC BY 4.0 : see CAreadme.txt
0 BFC CERTIFY CCW
0 !KEYWORDS Bricklink 973pb2185c01, Brickowl 507971, Cragger
0 !KEYWORDS Rebrickable 973c22h27pr3147, Set 71222
1 16 0 0 0 1 0 0 0 1 0 0 0 1 973p0x.dat
1 4 -15.552 9 0 0.985 -0.17 0 0.17 0.985 0 0 0 1 3818.dat
1 4 15.552 9 0 0.985 0.17 0 -0.17 0.985 0 0 0 1 3819.dat
1 15 -23.69 26.774 -9.898 0.985 -0.12 0.12 0.17 0.696 -0.696 0 0.707 0.707 3820.dat
1 15 23.69 26.774 -9.898 0.985 0.12 -0.12 -0.17 0.696 -0.696 0 0.707 0.707 3820.dat
