0 Minifig Torso with Arms and Hands with Female Robe, Center Panel with Silver Spots and Evenstar Pendant Necklace Pattern
0 Name: 76382pmd.dat
0 Author: Magnus Forsberg [MagFors]
0 !LICENSE Licensed under CC BY 4.0 : see CAreadme.txt
0 BFC CERTIFY CCW
0 !KEYWORDS Arwen, Bricklink 973pb5125c01, BrickOwl 151508, Lord of the Rings
0 !KEYWORDS LOTR, Rebrickable 973c27h02pr6466, Rivendell, Set 10316
1 16 0 0 0 1 0 0 0 1 0 0 0 1 973pmd.dat
1 16 -15.552 9 0 0.985 -0.17 0 0.17 0.985 0 0 0 1 3818.dat
1 16 15.552 9 0 0.985 0.17 0 -0.17 0.985 0 0 0 1 3819.dat
1 78 -23.69 26.774 -9.898 0.985 -0.12 0.12 0.17 0.696 -0.696 0 0.707 0.707 3820.dat
1 78 23.69 26.774 -9.898 0.985 0.12 -0.12 -0.17 0.696 -0.696 0 0.707 0.707 3820.dat
