0 Minifig Torso with Arms and Hands with White Scarf, Reddish Brown Fur Pattern
0 Name: 76382pdg7.dat
0 Author: Magnus Forsberg [MagFors]
0 !LICENSE Licensed under CC BY 4.0 : see CAreadme.txt
0 BFC CERTIFY CCW
0 !KEYWORDS Bricklink 973pb4702c01, CMF, Fozzie Bear
0 !KEYWORDS Rebrickable 973c23h23pr0002, set 71033, The Muppets
1 16 0 0 0 1 0 0 0 1 0 0 0 1 973pdg7.dat
1 16 -15.552 9 0 0.985 -0.17 0 0.17 0.985 0 0 0 1 3818pdg7.dat
1 16 15.552 9 0 0.985 0.17 0 -0.17 0.985 0 0 0 1 3819pdg7.dat
1 16 -23.69 26.774 -9.898 0.985 -0.12 0.12 0.17 0.696 -0.696 0 0.707 0.707 3820.dat
1 16 23.69 26.774 -9.898 0.985 0.12 -0.12 -0.17 0.696 -0.696 0 0.707 0.707 3820.dat
