0 Minifig Torso with Arms and Hands with Pockets, Radio, Badge and Belt Pattern
0 Name: 76382p0g.dat
0 Author: Orion Pobursky [OrionP]
0 !LICENSE Licensed under CC BY 4.0 : see CAreadme.txt
0 BFC CERTIFY CCW
0 !KEYWORDS Bricklink 973pb0985c01, police, Rebrickable 973c11h01pr1943
0 !KEYWORDS Set 30017, Set 4205, Set 4436, Set 4437, Set 4438, Set 4439
0 !KEYWORDS Set 4440, Set 4441
1 16 0 0 0 1 0 0 0 1 0 0 0 1 973p0g.dat
1 16 -15.552 9 0 0.985 -0.17 0 0.17 0.985 0 0 0 1 3818.dat
1 16 15.552 9 0 0.985 0.17 0 -0.17 0.985 0 0 0 1 3819.dat
1 14 -23.69 26.774 -9.898 0.985 -0.12 0.12 0.17 0.696 -0.696 0 0.707 0.707 3820.dat
1 14 23.69 26.774 -9.898 0.985 0.12 -0.12 -0.17 0.696 -0.696 0 0.707 0.707 3820.dat
