0 Minifig Torso with Arms and Hands with Suit Jacket with Dark Red Pinstripes, Metallic Gold Necklace, Black Shirt and Press Badge Pattern
0 Name: 76382p0m.dat
0 Author: Orion Pobursky [OrionP]
0 !LICENSE Licensed under CC BY 4.0 : see CAreadme.txt
0 BFC CERTIFY CCW
0 !KEYWORDS Bricklink 973pb0895c01, Brickowl 28796, Rebrickable 973c22h01pr1783
0 !KEYWORDS Set 10224, Set 40161, Set 40198, Set 40221, Set 60051, Set 7065
0 !KEYWORDS Set 75912
1 16 0 0 0 1 0 0 0 1 0 0 0 1 973p0m.dat
1 16 -15.552 9 0 0.985 -0.17 0 0.17 0.985 0 0 0 1 3818.dat
1 16 15.552 9 0 0.985 0.17 0 -0.17 0.985 0 0 0 1 3819.dat
1 14 -23.69 26.774 -9.898 0.985 -0.12 0.12 0.17 0.696 -0.696 0 0.707 0.707 3820.dat
1 14 23.69 26.774 -9.898 0.985 0.12 -0.12 -0.17 0.696 -0.696 0 0.707 0.707 3820.dat
