0 Minifig Torso with Arms and Hands with Reddish Brown Apron with Cup and Name Tag Pattern
0 Name: 76382pug.dat
0 Author: Philippe Hurbain [Philo]
0 !LICENSE Licensed under CC BY 4.0 : see CAreadme.txt
0 BFC CERTIFY CCW
0 !KEYWORDS Barista, Bricklink 973pb3256c01, BrickOwl 301036, Coffee
0 !KEYWORDS Rebrickable 973c27h01pr4200, Set 10297, Set 60197, Set 60306
1 16 0 0 0 1 0 0 0 1 0 0 0 1 973pug.dat
1 16 -15.552 9 0 0.985 -0.17 0 0.17 0.985 0 0 0 1 3818.dat
1 16 15.552 9 0 0.985 0.17 0 -0.17 0.985 0 0 0 1 3819.dat
1 14 -23.69 26.774 -9.898 0.985 -0.12 0.12 0.17 0.696 -0.696 0 0.707 0.707 3820.dat
1 14 23.69 26.774 -9.898 0.985 0.12 -0.12 -0.17 0.696 -0.696 0 0.707 0.707 3820.dat
