0 Minifig Torso with Long Arms and Hands
0 Name: 87858.dat
0 Author: Magnus Forsberg [MagFors]
0 !LICENSE Licensed under CC BY 4.0 : see CAreadme.txt
0 BFC CERTIFY CCW
0 !KEYWORDS Avatar, Jack Skellington, Jake Sully, Jessie, Na'vi, Olympe Maxime
0 !KEYWORDS Toy Story, Woody, Zurg
1 16 0 0 0 1 0 0 0 1 0 0 0 1 973.dat
1 16 -15.552 9 0 0.985 -0.17 0 0.17 0.985 0 0 0 1 87774.dat
1 16 15.552 9 0 0.985 0.17 0 -0.17 0.985 0 0 0 1 87773.dat
1 16 -26.53839 32.08606 -15.896 .981128 -.141763 .128149 .188909 .821391 -.537393 -.0291 .5519 .8334 3820.dat
1 16 26.53839 32.08606 -15.896 -.981128 .141763 -.128149 .188909 .821391 -.537393 -.0291 .5519 .8334 3820.dat
