0 _Minifig Standing (Complete)
0 Name: 979.dat
0 Author: Leonardo Zide [leozide]
0 !LICENSE Licensed under CC BY 2.0 and CC BY 4.0 : see CAreadme.txt
0 BFC CERTIFY CCW
1 0 0 -28 0 1 0 0 0 1 0 0 0 1 3817.dat
1 0 0 -28 0 1 0 0 0 1 0 0 0 1 3816.dat
1 0 0 -40 0 1 0 0 0 1 0 0 0 1 3815.dat
1 1 0 -72 0 1 0 0 0 1 0 0 0 1 973.dat
1 14 0 -100 0 1 0 0 0 1 0 0 0 1 3626bp01.dat
1 4 0 -100 0 1 0 0 0 1 0 0 0 1 3624.dat
1 2 0 -74 0 1 0 0 0 1 0 0 0 1 3838.dat
1 4 -15.552 -63 0 0.9855 -0.1699 0 0.1699 0.9855 0 0 0 1 3818.dat
1 4 15.552 -63 0 0.9855 0.1699 0 -0.1699 0.9855 0 0 0 1 3819.dat
1 14 -23.552 -46 -10 0.942 0.335 0.0072 -0.2404 0.6906 -0.6821 -0.2336 0.6409 0.7312 3820.dat
1 14 23.552 -46 -10 0.942 -0.335 0.0072 0.2404 0.6906 -0.6821 0.2336 0.6409 0.7312 3820.dat
