0 Rack Winder  2 x  4 x  2 Axle
0 Name: u9068.dat
0 Author: John Van Zwieten [jvan]
0 !LICENSE Licensed under CC BY 2.0 and CC BY 4.0 : see CAreadme.txt
0 BFC CERTIFY CCW
1 16 -40 0 0 0 1 0 1 0 0 0 0 -1 axlehol2.dat
1 16 -40 0 0 0 1 0 1 0 0 0 0 -1 axlehol9.dat
1 16 -40 0 0 0 -20 0 1 0 0 0 0 1 axlehol8.dat
1 16 -60 0 0 0 1 0 1 0 0 0 0 -1 axlehol2.dat
1 16 -60 0 0 0 1 0 1 0 0 0 0 -1 axlehol9.dat
1 16 -60 0 0 0 1 0 1 0 0 0 0 -1 axleend.dat
1 16 -40 0 0 0 7.5 0 0 0 -7.1875 -7.1875 0 0 4-4cylc.dat
1 16 0 0 7.1875 32.5 0 0 0 0 2.9772 0 -1 0 rect3.dat
1 16 0 5.0823 5.0823 32.5 0 0 0 -1 2.1052 0 0 -2.1052 rect3.dat
1 16 0 7.1875 0 32.5 0 0 0 -1 0 0 0 -2.9772 rect3.dat
1 16 0 5.0823 -5.0823 32.5 0 0 0 -1 -2.1052 0 0 -2.1052 rect3.dat
1 16 0 0 -7.1875 32.5 0 0 0 0 -2.9772 0 1 0 rect3.dat
1 16 0 -5.0823 -5.0823 32.5 0 0 0 1 -2.1052 0 0 2.1052 rect3.dat
1 16 0 -7.1875 0 32.5 0 0 0 1 0 0 0 2.9772 rect3.dat
1 16 0 -5.0823 5.0823 32.5 0 0 0 1 2.1052 0 0 2.1052 rect3.dat
4 16 32.5 2.9772 7.1875 32.5 -2.9772 7.1875 32.5 -2.5888 6.25 32.5 2.5888 6.25
4 16 32.5 7.1875 2.9772 32.5 2.9772 7.1875 32.5 2.5888 6.25 32.5 6.25 2.5888
4 16 32.5 7.1875 -2.9772 32.5 7.1875 2.9772 32.5 6.25 2.5888 32.5 6.25 -2.5888
4 16 32.5 2.9772 -7.1875 32.5 7.1875 -2.9772 32.5 6.25 -2.5888 32.5 2.5888 -6.25
4 16 32.5 -2.9772 -7.1875 32.5 2.9772 -7.1875 32.5 2.5888 -6.25 32.5 -2.5888 -6.25
4 16 32.5 -7.1875 -2.9772 32.5 -2.9772 -7.1875 32.5 -2.5888 -6.25 32.5 -6.25 -2.5888
4 16 32.5 -7.1875 2.9772 32.5 -7.1875 -2.9772 32.5 -6.25 -2.5888 32.5 -6.25 2.5888
4 16 32.5 -2.9772 7.1875 32.5 -7.1875 2.9772 32.5 -6.25 2.5888 32.5 -2.5888 6.25
4 16 -32.5 2.5888 6.25 -32.5 -2.5888 6.25 -32.5 -2.9772 7.1875 -32.5 2.9772 7.1875
4 16 -32.5 6.25 2.5888 -32.5 2.5888 6.25 -32.5 2.9772 7.1875 -32.5 7.1875 2.9772
4 16 -32.5 6.25 -2.5888 -32.5 6.25 2.5888 -32.5 7.1875 2.9772 -32.5 7.1875 -2.9772
4 16 -32.5 2.5888 -6.25 -32.5 6.25 -2.5888 -32.5 7.1875 -2.9772 -32.5 2.9772 -7.1875
4 16 -32.5 -2.5888 -6.25 -32.5 2.5888 -6.25 -32.5 2.9772 -7.1875 -32.5 -2.9772 -7.1875
4 16 -32.5 -6.25 -2.5888 -32.5 -2.5888 -6.25 -32.5 -2.9772 -7.1875 -32.5 -7.1875 -2.9772
4 16 -32.5 -6.25 2.5888 -32.5 -6.25 -2.5888 -32.5 -7.1875 -2.9772 -32.5 -7.1875 2.9772
4 16 -32.5 -2.5888 6.25 -32.5 -6.25 2.5888 -32.5 -7.1875 2.9772 -32.5 -2.9772 7.1875
1 16 40 0 0 0 -7.5 0 0 0 -7.1875 -7.1875 0 0 4-4cylo.dat
1 16 40 0 0 0 -1 0 0.6 0 0 0 0 0.6 4-4ring10.dat
1 16 40 0 0 0 -1 0 0.275 0 0 0 0 0.275 4-4ring24.dat
1 16 40 0 0 0 -1 0 0.3125 0 0 0 0 0.3125 4-4ring22.dat
1 16 20 0 0 0 20 0 1 0 0 0 0 -1 axl5hol8.dat
1 16 40 0 0 0 -1 0 1 0 0 0 0 1 axl5ho10.dat
1 16 40 0 0 0 -1 0 1 0 0 0 0 1 axl5hol9.dat
1 16 40 0 0 0 -1 0 1 0 0 0 0 1 axlehol2.dat
1 16 20 0 0 0 -1 0 1 0 0 0 0 1 axl5hol9.dat
1 16 20 0 0 0 -1 0 1 0 0 0 0 1 axlehol2.dat
1 16 20 0 0 0 -1 0 1 0 0 0 0 1 axl5end.dat
1 16 0 0 0 1 0 0 0 0.9239 0.3827 0 -0.3827 0.9239 s\u9068s01.dat
1 16 0 0 0 1 0 0 0 0.3827 0.9239 0 -0.9239 0.3827 s\u9068s01.dat
1 16 0 0 0 1 0 0 0 -0.3827 0.9239 0 -0.9239 -0.3827 s\u9068s01.dat
1 16 0 0 0 1 0 0 0 -0.9239 0.3827 0 -0.3827 -0.9239 s\u9068s01.dat
1 16 0 0 0 1 0 0 0 -0.9239 -0.3827 0 0.3827 -0.9239 s\u9068s01.dat
1 16 0 0 0 1 0 0 0 -0.3827 -0.9239 0 0.9239 -0.3827 s\u9068s01.dat
1 16 0 0 0 1 0 0 0 0.3827 -0.9239 0 0.9239 0.3827 s\u9068s01.dat
1 16 0 0 0 1 0 0 0 0.9239 -0.3827 0 0.3827 0.9239 s\u9068s01.dat
